Empty Activity URLs: 
58139
58140
58144
58146
58149
58150
58154
58156
58158
58161
58162
58168
58171
58175
58176
58178
58186
58187
58188
58194
58196
58208
58213
58215
58217
58218
58222
58223
58231
58234
58238
58243
58255
58257
58280
58287
58295
58298
58311
58314
58315
58316
58318
58322
58325
58326
58329
58333
58340
58343
58347
58348
58349
58355
58368
58379
58401
58424
58446
58493
58553
58555
58572
58648
58649
58652
58656
58660
58661
58665
58669
58671
58672
58674
58675
58676
58677
58679
58684
58686
58687
58692
58697
58698
58710
58721
58725
58730
58741
58746
58748
58796
58821
58851
58894
58986
58989
58993
58995
58996
58999
59000
59007
59013
59020
59026
59028
59029
59033
59034
59041
59044
59045
59049
59055
59058
59062
59063
59064
59066
59072
59076
59080
59085
59096
59098
59110
59111
59118
59148
59197
59199
59208
59217
59218
59219
59243
59295
59318
59344
59350
59359
59364
59374
59376
59387
59394
59401
59405
59407
59409
59414
59415
59426
59437
59447
59457
59463
59465
59466
59467
59485
59486
59487
59488
59491
59511
59518
59520
59522
59534
59560
59625
59666
59712
59732
59741
59746
59780
59785
59786
59794
59797
59809
59815
59819
59843
59847
59863
61205
61336
61338
61339
61353
61355
61358
61367
61377
61379
61382
61393
61874
61919
62080
62227
