URLs with no updates: 
58139
58140
58143
58144
58145
58146
58148
58149
58150
58151
58154
58155
58156
58157
58158
58159
58160
58161
58162
58163
58168
58171
58172
58174
58175
58176
58178
58181
58182
58183
58184
58186
58187
58188
58189
58190
58191
58192
58193
58194
58196
58202
58205
58206
58208
58213
58214
58215
58216
58217
58218
58220
58221
58222
58223
58226
58231
58234
58236
58238
58240
58241
58243
58244
58247
58255
58257
58258
58260
58261
58262
58263
58265
58266
58272
58273
58274
58280
58286
58287
58288
58291
58292
58295
58298
58299
58300
58303
58305
58307
58310
58311
58314
58315
58316
58317
58318
58320
58322
58323
58325
58326
58329
58330
58333
58334
58336
58338
58339
58340
58342
58343
58344
58346
58347
58348
58349
58351
58352
58355
58356
58357
58360
58363
58366
58368
58370
58371
58372
58375
58376
58379
58380
58381
58384
58385
58386
58387
58389
58390
58393
58394
58397
58400
58401
58404
58405
58413
58414
58417
58418
58420
58421
58424
58425
58427
58430
58431
58443
58444
58445
58446
58448
58449
58450
58451
58455
58480
58485
58487
58490
58493
58496
58521
58523
58553
58555
58556
58557
58558
58559
58562
58563
58564
58566
58567
58569
58570
58572
58574
58603
58648
58649
58650
58651
58652
58653
58655
58656
58658
58659
58660
58661
58662
58663
58665
58666
58667
58668
58669
58670
58671
58672
58673
58674
58675
58676
58677
58678
58679
58680
58684
58686
58687
58688
58689
58690
58691
58692
58694
58697
58698
58699
58701
58702
58704
58705
58706
58708
58709
58710
58716
58718
58719
58721
58723
58725
58726
58728
58730
58734
58735
58736
58738
58739
58740
58741
58742
58743
58744
58746
58747
58748
58749
58754
58757
58758
58760
58762
58768
58769
58770
58774
58780
58781
58783
58784
58785
58787
58790
58791
58796
58797
58800
58803
58804
58805
58808
58810
58812
58813
58818
58819
58820
58821
58824
58827
58828
58829
58830
58832
58834
58839
58842
58843
58845
58848
58851
58852
58855
58862
58863
58865
58868
58870
58874
58876
58877
58879
58880
58884
58887
58888
58894
58895
58896
58897
58903
58905
58906
58907
58908
58909
58911
58912
58915
58916
58922
58923
58925
58926
58927
58928
58931
58934
58937
58938
58939
58940
58941
58942
58943
58951
58952
58953
58954
58956
58963
58965
58966
58967
58968
58969
58970
58971
58972
58978
58979
58980
58981
58983
58985
58986
58987
58988
58989
58990
58991
58993
58994
58995
58996
58997
58998
58999
59000
59001
59003
59004
59006
59007
59009
59010
59011
59012
59013
59015
59016
59017
59018
59019
59020
59021
59023
59024
59025
59026
59027
59028
59029
59030
59031
59033
59034
59035
59036
59037
59039
59040
59041
59042
59044
59045
59048
59049
59051
59052
59055
59056
59058
59060
59061
59062
59063
59064
59065
59066
59067
59068
59069
59071
59072
59076
59078
59079
59080
59082
59084
59085
59087
59090
59092
59094
59095
59096
59098
59101
59102
59103
59106
59110
59111
59116
59117
59118
59127
59128
59130
59131
59132
59133
59134
59135
59136
59137
59138
59139
59141
59142
59143
59144
59145
59146
59147
59148
59149
59152
59153
59154
59155
59157
59158
59159
59160
59161
59162
59163
59165
59168
59169
59170
59171
59176
59177
59178
59179
59184
59195
59197
59198
59199
59207
59208
59209
59210
59211
59212
59213
59214
59215
59216
59217
59218
59219
59221
59222
59223
59224
59225
59226
59227
59229
59233
59234
59235
59236
59237
59238
59239
59240
59241
59242
59243
59245
59273
59280
59281
59282
59283
59284
59285
59286
59295
59297
59298
59299
59302
59303
59304
59305
59306
59307
59311
59312
59318
59319
59323
59324
59325
59326
59327
59337
59338
59342
59344
59346
59347
59349
59350
59355
59356
59358
59359
59360
59362
59363
59364
59368
59369
59370
59371
59372
59374
59375
59376
59381
59387
59390
59391
59392
59394
59395
59401
59402
59403
59404
59405
59406
59407
59408
59409
59411
59412
59414
59415
59417
59425
59426
59434
59435
59437
59440
59446
59447
59451
59455
59456
59457
59461
59462
59463
59464
59465
59466
59467
59468
59469
59472
59475
59477
59478
59479
59481
59483
59485
59486
59487
59488
59489
59490
59491
59492
59497
59498
59499
59500
59501
59502
59508
59509
59510
59511
59514
59515
59518
59519
59520
59521
59522
59530
59534
59541
59542
59545
59546
59547
59559
59560
59561
59562
59565
59566
59568
59571
59572
59573
59574
59575
59576
59577
59585
59586
59589
59590
59591
59592
59593
59594
59595
59596
59597
59598
59602
59606
59610
59615
59623
59624
59625
59626
59628
59630
59631
59632
59633
59634
59635
59636
59637
59638
59640
59641
59642
59643
59655
59656
59657
59658
59664
59665
59666
59670
59671
59672
59673
59674
59675
59676
59678
59679
59680
59685
59686
59694
59697
59698
59703
59704
59705
59707
59708
59712
59713
59717
59718
59720
59728
59731
59732
59733
59737
59740
59741
59742
59744
59745
59746
59747
59750
59751
59754
59756
59757
59761
59766
59768
59769
59772
59773
59778
59780
59785
59786
59790
59791
59794
59797
59799
59800
59802
59803
59806
59808
59809
59812
59815
59817
59818
59819
59822
59824
59825
59828
59829
59832
59833
59834
59835
59836
59837
59838
59839
59842
59843
59844
59846
59847
59848
59849
59851
59862
59863
59865
59866
59867
59869
59872
59878
59879
59881
59883
60843
60845
60846
60847
60848
60850
60851
60852
60855
60856
60859
60862
60865
60866
60867
60875
60878
60879
60880
60881
60884
60886
60887
60889
60892
60893
60894
60898
60900
60901
60903
60911
60913
60914
60916
60917
60923
60924
60925
60926
60927
60929
60930
60935
60936
60938
60943
60944
60950
60952
60955
60957
60960
60963
60965
60974
60975
60977
60981
60982
60985
60987
60988
60990
60991
60992
60993
61000
61002
61003
61007
61009
61018
61022
61032
61038
61039
61041
61048
61049
61052
61053
61059
61062
61065
61066
61068
61069
61072
61073
61074
61075
61076
61077
61079
61082
61089
61090
61096
61097
61102
61103
61108
61109
61110
61120
61123
61128
61129
61130
61132
61133
61138
61144
61145
61146
61152
61153
61162
61163
61169
61170
61171
61174
61180
61181
61183
61184
61188
61189
61196
61197
61198
61200
61203
61204
61205
61206
61214
61215
61216
61219
61221
61223
61224
61225
61226
61227
61228
61229
61230
61234
61235
61239
61240
61241
61243
61245
61247
61248
61249
61250
61256
61259
61260
61266
61268
61269
61271
61272
61273
61275
61284
61290
61291
61301
61304
61308
61309
61310
61311
61313
61314
61315
61316
61317
61318
61319
61320
61322
61323
61324
61325
61326
61327
61328
61329
61332
61333
61334
61335
61336
61338
61339
61340
61341
61342
61343
61344
61345
61349
61350
61352
61353
61355
61356
61357
61358
61362
61365
61367
61370
61371
61374
61377
61378
61379
61380
61382
61383
61386
61387
61388
61389
61390
61392
61393
61394
61397
61398
61401
61402
61407
61408
61409
61411
61412
61416
61417
61418
61422
61423
61429
61430
61432
61433
61434
61437
61439
61441
61444
61447
61449
61450
61451
61456
61457
61458
61461
61463
61464
61465
61467
61469
61471
61473
61475
61476
61490
61492
61493
61496
61497
61498
61500
61504
61507
61510
61520
61521
61523
61526
61527
61528
61529
61541
61542
61546
61551
61552
61553
61554
61555
61564
61570
61571
61574
61575
61576
61577
61580
61581
61582
61585
61588
61594
61595
61597
61600
61605
61606
61614
61615
61616
61617
61618
61619
61620
61621
61622
61631
61632
61634
61635
61641
61646
61648
61651
61653
61654
61655
61658
61660
61662
61663
61672
61674
61676
61677
61678
61682
61689
61697
61698
61700
61701
61702
61704
61705
61706
61708
61709
61710
61711
61714
61716
61720
61727
61728
61735
61736
61739
61740
61743
61746
61750
61752
61754
61755
61756
61758
61759
61767
61768
61776
61778
61779
61786
61787
61794
61799
61800
61805
61806
61809
61810
61811
61819
61827
61828
61829
61833
61834
61837
61838
61842
61844
61849
61850
61851
61852
61854
61857
61858
61859
61862
61863
61864
61865
61867
61868
61872
61874
61878
61882
61884
61889
61893
61894
61898
61900
61903
61908
61909
61915
61917
61919
61920
61921
61922
61923
61925
61930
61931
61932
61938
61941
61942
61950
61951
61952
61956
61960
61961
61962
61964
61965
61970
61974
61980
61981
61982
61984
61987
61989
61991
61992
61993
61997
61998
61999
62000
62001
62002
62004
62008
62010
62012
62015
62016
62017
62025
62026
62028
62030
62032
62034
62036
62037
62045
62047
62048
62050
62053
62055
62056
62057
62060
62061
62062
62066
62072
62073
62075
62080
62081
62083
62085
62088
62090
62091
62092
62093
62094
62096
62097
62098
62103
62108
62116
62118
62120
62123
62125
62126
62127
62128
62130
62132
62134
62145
62148
62153
62154
62155
62157
62158
62159
62162
62168
62169
62170
62171
62173
62174
62175
62180
62185
62186
62204
62205
62207
62209
62211
62214
62216
62222
62223
62225
62226
62227
62230
62232
62234
62235
