URLs with no responses: 
58139
58140
58143
58144
58145
58146
58148
58149
58150
58154
58155
58156
58157
58158
58159
58160
58161
58162
58163
58168
58171
58172
58174
58175
58176
58178
58181
58182
58183
58184
58186
58187
58188
58189
58190
58191
58192
58193
58194
58196
58202
58205
58206
58208
58213
58214
58215
58217
58218
58220
58221
58222
58223
58226
58231
58234
58236
58238
58241
58243
58244
58247
58255
58257
58263
58272
58280
58287
58288
58295
58298
58311
58314
58315
58316
58318
58320
58322
58325
58333
58334
58338
58339
58340
58342
58343
58347
58348
58349
58351
58355
58368
58379
58385
58387
58400
58401
58404
58413
58421
58424
58443
58444
58446
58480
58493
58521
58523
58553
58555
58569
58572
58648
58649
58650
58651
58652
58653
58655
58656
58659
58660
58661
58662
58663
58665
58667
58668
58669
58670
58671
58672
58673
58674
58675
58676
58677
58678
58679
58680
58684
58686
58687
58688
58689
58691
58692
58697
58698
58704
58708
58710
58719
58721
58725
58730
58734
58735
58736
58738
58739
58740
58741
58742
58746
58748
58754
58757
58760
58768
58769
58774
58791
58796
58797
58800
58805
58820
58821
58827
58843
58851
58863
58865
58879
58880
58894
58895
58905
58906
58907
58911
58912
58916
58922
58923
58926
58927
58937
58938
58943
58963
58983
58985
58986
58988
58989
58990
58993
58994
58995
58996
58997
58998
58999
59000
59001
59003
59004
59006
59007
59009
59010
59011
59012
59015
59016
59017
59018
59019
59020
59021
59023
59024
59025
59026
59027
59028
59029
59031
59033
59034
59035
59039
59040
59041
59042
59044
59045
59048
59049
59051
59052
59055
59056
59058
59060
59061
59062
59063
59064
59065
59066
59067
59068
59071
59072
59076
59078
59079
59080
59082
59084
59085
59087
59090
59092
59094
59095
59096
59098
59101
59102
59106
59110
59111
59116
59117
59118
59128
59130
59146
59148
59154
59158
59165
59168
59170
59179
59184
59197
59199
59208
59210
59216
59217
59218
59219
59243
59245
59282
59283
59295
59297
59302
59306
59311
59312
59318
59327
59337
59344
59347
59349
59350
59355
59359
59363
59364
59368
59371
59374
59376
59387
59394
59401
59405
59406
59407
59409
59414
59415
59417
59426
59435
59437
59447
59457
59461
59462
59463
59464
59465
59466
59467
59469
59475
59479
59483
59485
59486
59487
59488
59489
59490
59491
59492
59498
59499
59501
59502
59511
59514
59515
59518
59519
59520
59522
59534
59541
59547
59559
59560
59562
59565
59577
59585
59589
59615
59625
59626
59641
59665
59666
59694
59697
59698
59712
59717
59732
59737
59741
59742
59745
59746
59768
59769
59772
59780
59785
59786
59794
59797
59800
59809
59812
59815
59819
59822
59843
59846
59847
59849
59851
59862
59863
59865
59867
60859
60866
60884
60886
60914
60916
60923
60925
60927
60936
60955
60957
60960
60975
60977
60987
60988
60990
61002
61059
61062
61068
61077
61079
61089
61110
61152
61170
61174
61181
61184
61200
61203
61205
61216
61219
61221
61248
61250
61269
61273
61275
61290
61310
61311
61313
61314
61315
61316
61317
61318
61319
61320
61322
61323
61324
61325
61327
61332
61333
61334
61336
61338
61339
61340
61341
61342
61343
61344
61345
61349
61350
61352
61353
61355
61358
61365
61367
61371
61374
61377
61378
61379
61380
61382
61383
61393
61397
61407
61408
61417
61439
61444
61463
61546
61582
61597
61620
61632
61676
61697
61701
61702
61714
61743
61746
61787
61794
61819
61829
61833
61838
61842
61858
61862
61874
61900
61919
61923
61930
61938
61941
61942
61952
61956
61974
61984
62010
62012
62030
62032
62037
62045
62060
62075
62096
62126
62185
62204
62214
62226
62227
62232
62234
