#From Max manual SQL testing 
#Weird looking URLs

74338 -> Image
#Locked urls
67617
76571
76573

#incorrect activity number
58139

There's 774 activites that are empty in the database.
(Review) StoryID of Activity which is empty (supposingly equal to 0): [58139, 58140, 58144, 58146, 58149, 58150, 58154, 58156, 58158, 58161, 58162, 58168, 58171, 58175, 
58176, 58178, 58186, 58187, 58188, 58194, 58196, 58208, 58213, 58215, 58217, 58218, 58222, 58223, 58231, 58234, 58238, 58243, 58255, 58257, 58280, 58287, 58295, 58298, 
58311, 58314, 58315, 58316, 58318, 58322, 58325, 58326, 58329, 58333, 58340, 58343, 58347, 58348, 58349, 58355, 58368, 58379, 58401, 58424, 58446, 58493, 58553, 58555, 
58572, 58648, 58649, 58652, 58656, 58660, 58661, 58665, 58669, 58671, 58672, 58674, 58675, 58676, 58677, 58679, 58684, 58686, 58687, 58692, 58697, 58698, 58710, 58721, 
58725, 58730, 58741, 58746, 58748, 58796, 58821, 58851, 58894, 58986, 58989, 58993, 58995, 58996, 58999, 59000, 59007, 59013, 59020, 59026, 59028, 59029, 59033, 59034, 
59041, 59044, 59045, 59049, 59055, 59058, 59062, 59063, 59064, 59066, 59072, 59076, 59080, 59085, 59096, 59098, 59110, 59111, 59118, 59148, 59197, 59199, 59208, 59217, 
59218, 59219, 59243, 59295, 59318, 59344, 59350, 59359, 59364, 59374, 59376, 59387, 59394, 59401, 59405, 59407, 59409, 59414, 59415, 59426, 59437, 59447, 59457, 59463, 
59465, 59466, 59467, 59485, 59486, 59487, 59488, 59491, 59511, 59518, 59520, 59522, 59534, 59560, 59625, 59666, 59712, 59732, 59741, 59746, 59780, 59785, 59786, 59794, 
59797, 59809, 59815, 59819, 59843, 59847, 59863, 61205, 61336, 61338, 61339, 61353, 61355, 61358, 61367, 61377, 61379, 61382, 61393, 61874, 61919, 62080, 62227, 62243, 
62550, 62621, 62653, 62713, 62761, 62874, 63001, 63188, 63239, 63384, 63409, 63492, 63801, 64018, 64081, 64127, 64142, 64169, 64228, 64236, 64333, 64346, 64371, 64468, 
64579, 64614, 64801, 64989, 65034, 65053, 65068, 65125, 65133, 65134, 65145, 65221, 65258, 65275, 65329, 65331, 65340, 65344, 65362, 65395, 65438, 65459, 65496, 65504, 
65512, 65562, 65567, 65568, 65569, 65582, 65585, 65589, 65644, 65646, 65679, 65740, 65766, 65796, 65800, 65834, 65845, 65856, 65912, 66030, 66041, 66043, 66059, 66102, 
66110, 66130, 66159, 66221, 66247, 66250, 66280, 66326, 66400, 66417, 66422, 66463, 66594, 66636, 66710, 66729, 66782, 66836, 66837, 66912, 66973, 67015, 67042, 67087, 
67090, 67132, 67200, 67260, 67286, 67343, 67357, 67417, 67446, 67461, 67470, 67475, 67480, 67499, 67522, 67525, 67530, 67568, 67579, 67594, 67598, 67638, 67739, 67742, 
67834, 67845, 67874, 67980, 68008, 68134, 68135, 68139, 68168, 68192, 68210, 68229, 68287, 68289, 68382, 68387, 68437, 68438, 68442, 68451, 68516, 68536, 68570, 68581, 
68696, 68756, 68803, 68818, 68844, 68898, 68913, 68964, 68988, 69001, 69048, 69076, 69135, 69147, 69224, 69230, 69236, 69241, 69308, 69316, 69322, 69323, 69342, 69345, 
69366, 69382, 69401, 69405, 69459, 69480, 69493, 69501, 69510, 69589, 69597, 69663, 69664, 69665, 69769, 69793, 69854, 69869, 69894, 69895, 69900, 69911, 69955, 70029, 
70077, 70079, 70136, 70161, 70253, 70319, 70379, 70391, 70410, 70414, 70466, 70477, 70520, 70543, 70550, 70591, 70623, 70644, 70654, 70658, 70666, 70698, 70713, 70716, 
70719, 70742, 70788, 70810, 70859, 70865, 70882, 70912, 70937, 70938, 70953, 70955, 71007, 71009, 71071, 71085, 71087, 71100, 71103, 71106, 71112, 71137, 71146, 71200, 
71217, 71236, 71237, 71323, 71325, 71339, 71340, 71367, 71370, 71400, 71542, 71545, 71558, 71623, 71634, 71636, 71660, 71662, 71666, 71681, 71685, 71744, 71759, 71762, 
71866, 71977, 71981, 71990, 72010, 72069, 72111, 72114, 72118, 72208, 72230, 72233, 72238, 72280, 72363, 72390, 72397, 72404, 72425, 72457, 72472, 72514, 72565, 72640, 
72660, 72665, 72692, 72705, 72737, 72868, 72883, 72888, 72893, 72894, 72963, 72979, 73034, 73092, 73137, 73138, 73260, 73261, 73275, 73280, 73332, 73349, 73352, 73353, 
73366, 73369, 73437, 73440, 73525, 73528, 73530, 73554, 73577, 73608, 73640, 73641, 73683, 73687, 73735, 73764, 73870, 73885, 73887, 74045, 74101, 74108, 74145, 74230, 
74231, 74353, 74354, 74367, 74369, 74379, 74407, 74465, 74467, 74471, 74477, 74493, 74519, 74532, 74538, 74541, 74569, 74581, 74599, 74658, 74660, 74683, 74684, 74786, 
74908, 74925, 74928, 75111, 75138, 75272, 75316, 75321, 75390, 75394, 75505, 75546, 75566, 75584, 75591, 75604, 75605, 75619, 75626, 75701, 75755, 75762, 75857, 75883, 
75888, 75914, 75950, 76045, 76131, 76138, 76168, 76181, 76185, 76187, 76189, 76196, 76205, 76233, 76237, 76285, 76355, 76363, 76410, 76425, 76431, 76448, 76467, 76474, 
76481, 76484, 76522, 76552, 76572, 76641, 76642, 76662, 76674, 76703, 76727, 76759, 76770, 76841, 76848, 76856, 76978, 76986, 76991, 77021, 77167, 77179, 77206, 77261, 
77277, 77299, 77339, 77424, 77450, 77451, 77454, 77462, 77653, 77658, 77674, 77834, 77942, 77996, 78009, 78035, 78040, 78055, 78073, 78090, 78094, 78163, 78176, 78196, 
78474, 78513, 78543, 78599, 78664, 78723, 78761, 78784, 78786, 78793, 78831, 78837, 78921, 78946, 78970, 78980, 78997, 79002, 79017, 79040, 79048, 79119, 79137, 79172, 
79175, 79181, 79197, 79228, 79318, 79331, 79336, 79401, 79428, 79527, 79603, 79660, 79722, 79750, 79780, 79805, 79806, 79809, 79903, 79905, 80040, 80059, 80065, 80154, 
80184, 80202, 80329, 80417, 80457, 80470, 80504, 80506, 80568, 80643, 80722, 80748, 80858, 81132, 81194, 81206, 81289, 81313, 81401, 81477, 81562, 81566, 81620, 81668, 
81685, 81704, 81783, 81983, 82074, 82146, 82177, 82193, 82265, 82469, 82476, 82492, 82508, 82512, 82588, 82722, 82725, 82731, 82820, 82891, 82904, 82909, 83049, 83069, 
83096, 83117, 83127, 83187, 83191, 83192, 83193, 83209, 83298, 83299, 83385, 83528, 83531, 83532, 83533, 83534]
